0: 36(20), 41(18)
1: 2(20), 3(4)
3: 1(4), 4(24), 5(15)
4: 2(20), 3(24), 6(10)
5: 3(15), 7(20), 8(36)
6: 4(10), 7(15), 16(20)
7: 5(20), 6(15), 9(10), 15(18)
8: 5(36), 10(10), 13(9), 17(26)
9: 7(10), 10(10), 14(15)
10: 8(10), 9(10), 12(15)
11: 12(10), 13(8), 17(20), 19(15)
12: 10(15), 11(10), 14(10)
13: 8(8), 11(8)
14: 9(15), 12(10), 15(8)
15: 7(18), 14(8), 16(12), 56(15)
16: 6(20), 15(12), 55(20)
17: 8(26), 11(20), 18(22), 21(28)
18: 17(22), 20(20), 21(12), 38(25), 39(16)
19: 11(15), 20(10)
20: 18(20), 19(10), 40(27), 52(27), 53(15)
21: 

